0.000000000000000000e+00
0.000000000000000000e+00
4.111197525844047934e-02
5.415422391680464465e-01
0.000000000000000000e+00
4.426678950386574440e-01
0.000000000000000000e+00
0.000000000000000000e+00
0.000000000000000000e+00
0.000000000000000000e+00
7.986065504016232053e-03
0.000000000000000000e+00
0.000000000000000000e+00
0.000000000000000000e+00
0.000000000000000000e+00
0.000000000000000000e+00
7.206795754710466906e-02
0.000000000000000000e+00
0.000000000000000000e+00
0.000000000000000000e+00
0.000000000000000000e+00
3.282734601872745739e-02
4.486862477595934123e-02
0.000000000000000000e+00
0.000000000000000000e+00
0.000000000000000000e+00
5.769813079735085226e-03
0.000000000000000000e+00
0.000000000000000000e+00
9.113379647469693756e-03
8.160453812624053518e-05
0.000000000000000000e+00
0.000000000000000000e+00
